n1<-c(10,20,30,40)
st1<-c("water" ,"air" ,"wind")
Rlnum<-c(23.5,55.2,234.3)
list1<-list(n1,st1,Rlnum)
list1
